s.area s.perimeter s.radius.mean s.radius.sd s.radius.min s.radius.max
47 22 3.46408749526716 0.755212393315923 1.58765901787027 4.62922802053601
28 17 2.56065681560041 0.529534621090706 1.62271932048632 3.41075035631158
39 20 3.05761789884846 0.475365948129966 1.9811612756159 3.82426463519459
114 46 5.63129727261895 2.10549364847413 0.648540603920715 8.68700657164501
52 25 3.63649598106595 1.01108702874243 1.09252002269981 4.97931722227054
35 19 2.97248182609621 0.614530871819866 2.08941402539781 4.16089165811629
41 21 3.23821098904171 0.925415160113252 1.39402677793376 4.81964987766857
19 13 1.98697656442969 0.333310260928636 1.39313617509806 2.56051030416819
30 18 2.6273991124357 0.553760279527135 1.67036626426365 3.52941781650413
12 10 1.46832385059276 0.306635075913475 1.11803398874989 1.80277563773199
206 96 11.316928094831 5.70247102779251 0.54256736012939 23.4534690967799
26 16 2.43614358682436 0.63643395130565 1.3125 3.27454672435743
31 17 2.7201272678169 0.511671086595887 1.89060690352802 3.69231878270005
24 15 2.2831635611971 0.291447989527384 1.87142251301576 2.83470555006257
32 18 2.7486160372516 0.533494191723623 1.80875784401108 3.77777777777778
29 17 2.59742601605586 0.54622412073994 1.49971162164494 3.50827001205846
37 26 3.29095948023402 1.52282434426348 0.523133481105209 5.72818733785085
16 12 1.76119933457601 0.25464400750007 1.58113883008419 2.12132034355964
34 19 2.80180465171793 0.537024067185473 1.56219179785851 3.51214749909534
12 10 1.46832385059276 0.306635075913475 1.11803398874989 1.80277563773199
32 18 2.73396801036506 0.494524742322999 1.97280898939608 3.49647088390212
24 15 2.2831635611971 0.291447989527384 1.87142251301576 2.83470555006257
23 15 2.22764517146664 0.336381547646277 1.65058912041866 2.88521133445099
27 16 2.4659361858884 0.360688545876053 1.94655143779968 3.00650336770142
26 15 2.42367741016274 0.328648799920323 1.8306040290328 2.94693814737338
19 14 2.06275655106827 0.618700665157022 0.759296129481047 2.95286094408491
9 8 1.20710678118655 0.207106781186548 1 1.4142135623731
33 19 2.75947880723664 0.424606362207818 1.84811051221889 3.61935394672721
12 10 1.46832385059276 0.306635075913475 1.11803398874989 1.80277563773199
28 16 2.51290407073507 0.350447044905641 1.82002747232013 3.05163890393343
24 15 2.2831635611971 0.291447989527384 1.87142251301576 2.83470555006257
27 17 2.48911153794492 0.653575643603456 1.42275136734681 3.47606745945745
31 18 2.70390938656443 0.577871748438911 1.75418371153855 3.75195422331179
33 18 2.78434408892141 0.497421345026922 2 3.60555127546399
24 15 2.2831635611971 0.291447989527384 1.87142251301576 2.83470555006257
26 16 2.44280197150149 0.638528408160866 1.5 3.35410196624968
23 14 2.23361843772962 0.26865063638529 1.71428571428572 2.63415555922654
25 14 2.37924736041177 0.289965441315531 1.84335541436628 2.71991896637997
26 17 2.40275520142064 0.483412719393041 1.45283400414453 3.27990631987074
20 14 2.03266527158309 0.343906809615674 1.5 2.5
45 24 3.44184016828555 1.16633334780342 1.38506417821622 5.04992436687037
27 16 2.4659361858884 0.360688545876053 1.94655143779968 3.00650336770142
60 33 4.42422442712955 2.05171285467565 1.03208402217736 7.40219360433828
24 15 2.2831635611971 0.291447989527384 1.87142251301576 2.83470555006257
25 14 2.39939015534248 0.354372605699233 1.78571428571429 3.03129931056042
31 18 2.69953684317619 0.517741622713359 1.66666666666667 3.43187671366233
18 13 1.93255035652896 0.3832830862607 1.31671098220182 2.5197445160245
12 10 1.46832385059276 0.306635075913475 1.11803398874989 1.80277563773199
30 17 2.65787448824681 0.457230364379777 1.80445431178564 3.62469423600092
24 15 2.33769359074876 0.518191093232494 1.34164078649988 3.25576411921994
45 26 3.32752873482681 1.148722922737 0.894592565354847 4.95676574262078
15 12 1.71676051329096 0.468401544266904 1 2.23606797749979
31 18 2.7706535525177 0.635394212675309 1.83417489102435 3.65570752808047
15 11 1.71680607651965 0.24666041116305 1.41128860875091 2.13006809342909
17 12 1.8960687076064 0.384680401881013 1.15770366578748 2.55087131083566
19 13 1.98697656442969 0.333310260928636 1.39313617509807 2.56051030416819
51 22 3.58255610322334 0.552980682326059 2.58412189155489 4.47675354627096
72 38 4.95138874893558 2.26935110616752 0.868819685222058 8.41159007830442
22 14 2.19232648355346 0.468203794935231 1.37951485113057 2.81123837916492
12 10 1.46832385059276 0.306635075913475 1.11803398874989 1.80277563773199
15 11 1.71680607651965 0.24666041116305 1.41128860875091 2.13006809342909
26 16 2.41100394867194 0.384704379346394 1.74329071012267 3.06823442715839
18 12 1.9377343588085 0.315201873978669 1.25 2.35849528301415
82 40 5.60442538505964 2.63209348300913 0.403112887414928 9.72432516938836
26 16 2.41100394867194 0.384704379346394 1.74329071012267 3.06823442715839
24 16 2.36845671007137 0.646340902711483 1.1875 3.22647737478508
26 15 2.42367741016274 0.328648799920323 1.8306040290328 2.94693814737338
27 16 2.47065629472395 0.376764148162916 1.85510275995698 3.25060090598646
23 16 2.26171369138976 0.641868310621492 0.731543744419977 3.22647737478508
15 11 1.71680607651965 0.246660411163052 1.41128860875091 2.13006809342909
26 15 2.41626895673663 0.342344686341729 1.80123414481418 3.04046780026436
23 15 2.22764517146664 0.336381547646277 1.65058912041867 2.88521133445098
80 37 5.08208186489927 2.0171064849168 1.45970968825846 8.39536203658585
30 18 2.601266074465 0.387403506055518 2.06155281280883 3.20156211871642
23 15 2.24194135321641 0.485717192366522 1.43913554299486 3.01182853282041
19 13 1.98697656442969 0.333310260928637 1.39313617509806 2.5605103041682
23 14 2.23361843772962 0.26865063638529 1.71428571428572 2.63415555922654
12 10 1.46832385059276 0.306635075913475 1.11803398874989 1.80277563773199
30 16 2.6605057083945 0.483951831900956 1.75 3.47311099736245
19 13 1.98697656442969 0.333310260928637 1.39313617509807 2.5605103041682
23 14 2.25324271924934 0.256426190173708 2 2.82842712474619
27 16 2.54906305876092 0.607836345129542 1.32582521472478 3.64112791590738
17 12 1.8960687076064 0.384680401881013 1.15770366578748 2.55087131083566
23 14 2.25324271924934 0.256426190173708 2 2.82842712474619
12 10 1.46832385059276 0.306635075913475 1.11803398874989 1.80277563773199
29 17 2.65373600722059 0.584609484154714 1.70588235294117 3.633751814466
36 17 2.93900746691613 0.298125322686899 2.35954954354489 3.45259543313628
22 14 2.17959179458176 0.302020435874399 1.67362493055143 2.68879003210267
12 10 1.46832385059276 0.306635075913475 1.11803398874989 1.80277563773199
34 19 2.88669554226883 0.590278992899573 1.6067723707867 3.94736842105263
72 39 5.1329952048485 2.42483858159507 0.700333347884491 8.93728606360872
30 17 2.6556166424196 0.525756570750603 1.59800914202425 3.55140208191143
28 17 2.5574812031272 0.670006919974456 1.240883712337 3.64753317598293
22 14 2.20277340118616 0.46820712772804 1.58113883008419 2.91547594742265
