s.area s.perimeter s.radius.mean s.radius.sd s.radius.min s.radius.max
82 38 4.97936747540818 1.93422286833859 0.737311880322205 8.2184930984253
14 10 1.68917513277928 0.216072605390181 1.58113883008419 2.12132034355964
15 12 1.71676051329096 0.468401544266904 1 2.23606797749979
22 15 2.19687008444219 0.581555050298276 1.01762250149824 3.09336206883204
35 18 2.89427870117715 0.454405252220551 2.00693242979872 3.65528536657689
119 49 5.47698633890312 1.84400964763695 1.24138010822413 8.83003941110491
21 12 2.15737865166653 0.111283511807396 2 2.23606797749979
32 17 2.77919865669912 0.447135616035867 2.10453456705862 3.62421689429397
51 23 3.67275905262703 0.94482458336511 1.86754187781865 5.12545816108751
34 19 2.86919164639109 0.586444014035542 1.79256698588699 4.02003293766912
21 14 2.16283980250018 0.495573785097716 1.51354429288694 2.95286094408491
136 56 6.09726549197562 2.26201699094017 0.527315109294051 9.79756841970371
29 17 2.55856941120494 0.372617330934638 1.91515536424702 3.24810298641848
24 16 2.29186121946572 0.497365208583299 1.58113883008419 2.91547594742265
18 13 1.93255035652896 0.3832830862607 1.31671098220182 2.51974451602449
44 21 3.26326328491842 0.36215754137854 2.51300472418262 3.97383734190954
43 21 3.27593872789851 0.506840786217918 2.0381842437174 4.02514770647698
24 15 2.35247998509677 0.519886876314018 1.31487219488773 3.25508149752899
15 12 1.71676051329096 0.468401544266904 1 2.23606797749979
9 8 1.20710678118655 0.207106781186548 1 1.4142135623731
16 12 1.84065254201659 0.441963293612934 1.11803398874989 2.5
40 22 3.22993035246519 1.14694542264296 1.15886807127109 4.94306426192505
21 15 2.10944285559688 0.456101542147199 1.29443252259651 2.85345794120436
52 28 3.6489612710534 1.14123993144642 1.26370042949672 5.50556304929804
28 17 2.50577268913024 0.387516418172987 1.90519232243549 3.29621781791103
48 23 3.46819369751473 0.544769908729134 2.39130434782609 4.52779694548951
28 16 2.52622906893357 0.343753823651475 2.06155281280883 3.20156211871642
9 8 1.20710678118655 0.207106781186548 1 1.4142135623731
15 11 1.71680607651965 0.24666041116305 1.41128860875091 2.13006809342909
33 22 2.95943790278717 1.18965584038198 0.909090909090907 4.51352421356597
12 10 1.46832385059276 0.306635075913475 1.11803398874989 1.80277563773199
22 14 2.20208852196635 0.36110660220874 1.73793215151378 2.85714285714286
53 24 3.73558042107242 0.791856135874842 2.05184537537419 5.06228566075751
37 18 3.02396203658324 0.494512376176979 2.22361067735439 3.68932393686311
28 16 2.52622906893357 0.343753823651475 2.06155281280883 3.20156211871642
31 17 2.67818671873151 0.328013286650328 2.13149069788158 3.32756132323081
37 19 2.96859459376721 0.359547483239362 2.31818058374161 3.70707192693481
19 13 1.98697656442969 0.333310260928636 1.39313617509807 2.56051030416819
35 17 2.88898123901948 0.321891892120418 2.31812476414565 3.39855454721277
29 17 2.55856941120494 0.372617330934638 1.91515536424702 3.24810298641848
29 17 2.63808131549812 0.590326562445185 1.62271932048632 3.69231878270005
22 13 2.19734637661392 0.217735036574519 1.85255301212188 2.61085580745802
6 6 0.912022659166597 0.291344016299214 0.5 1.11803398874989
32 17 2.72072554748045 0.304075950822362 2.17726535568491 3.28623005257963
72 29 4.42347421053445 1.30399944524815 2.01067306718803 6.28693604260493
34 18 2.91662924909863 0.53524172095007 1.89622757398623 3.97717251757677
26 15 2.4607404583838 0.386265246841508 1.89619502044372 3.25508149752899
38 20 3.00224623005134 0.462620334769779 2.1029740844813 3.69086710679212
23 15 2.22764517146664 0.336381547646277 1.65058912041866 2.88521133445099
15 11 1.71680607651965 0.24666041116305 1.41128860875091 2.13006809342909
16 12 1.76119933457601 0.25464400750007 1.58113883008419 2.12132034355964
26 15 2.41626895673663 0.342344686341729 1.80123414481417 3.04046780026437
22 14 2.19420205811334 0.330070774117112 1.4655917520488 2.87937776724948
42 20 3.19519261977793 0.527488504629883 2.20510770712 4.03267901028584
27 16 2.48210784345006 0.384362333591243 1.83818014623159 3.24097304061604
33 17 2.77124088416035 0.26662523110406 2.37926451954784 3.32756132323081
16 12 1.76119933457601 0.25464400750007 1.58113883008419 2.12132034355964
18 13 1.93255035652896 0.3832830862607 1.31671098220182 2.51974451602449
20 14 2.09829066547769 0.602065117423488 0.814411017927956 2.99148451305313
39 19 3.07683718023026 0.649822777573216 1.14949103514956 3.92767014880118
39 18 3.09803652774182 0.397922746627536 2.39662829001367 3.75195422331179
35 18 2.88689071210584 0.486672036055122 1.74359498071947 3.70226824034359
15 12 1.71676051329096 0.468401544266904 1 2.23606797749979
32 18 2.73105052282688 0.431769348335532 1.99149425877054 3.60084009402195
29 17 2.55856941120494 0.372617330934638 1.91515536424702 3.24810298641847
23 14 2.25324271924934 0.256426190173708 2 2.82842712474619
77 34 4.64562449016825 1.57741633708454 1.14554953495003 6.74017290548601
28 17 2.57981578657046 0.677301527071135 1.18963225977392 3.66268001789602
24 15 2.35247998509677 0.519886876314018 1.31487219488774 3.25508149752899
22 14 2.19420205811334 0.330070774117112 1.4655917520488 2.87937776724948
15 11 1.71680607651965 0.246660411163051 1.41128860875091 2.13006809342909
29 17 2.55856941120494 0.372617330934638 1.91515536424702 3.24810298641847
23 15 2.24194135321641 0.485717192366522 1.43913554299487 3.01182853282041
32 17 2.72831487268892 0.292762224629991 2.16930457818656 3.36941258626346
26 15 2.41885218713371 0.362458713539494 1.79381653960983 2.94693814737338
38 18 3.10638185855486 0.425016073133157 2.35767724154699 3.97251358682773
31 17 2.69936300413078 0.513431964636666 1.65648562827396 3.57809560605778
9 8 1.20710678118655 0.207106781186548 1 1.4142135623731
23 15 2.24194135321641 0.485717192366522 1.43913554299487 3.01182853282041
26 16 2.44280197150149 0.638528408160866 1.5 3.35410196624968
23 15 2.29578613239559 0.558200910535176 1.10352969048312 3.22765824984272
25 16 2.39900480723133 0.506453043115541 1.59711654239758 3.24819661504657
12 10 1.46832385059276 0.306635075913475 1.11803398874989 1.80277563773199
28 17 2.66962325752083 0.820011964169674 1.31533410441164 3.98830470180798
18 12 1.95477615018027 0.309058035574307 1.5 2.5
26 15 2.41885218713371 0.362458713539495 1.79381653960983 2.94693814737338
25 15 2.3988136426276 0.477404786492462 1.37275068546493 3.2173142698703
19 13 1.98697656442969 0.333310260928636 1.39313617509807 2.56051030416819
18 13 1.93255035652896 0.3832830862607 1.31671098220182 2.51974451602449
15 12 1.71676051329096 0.468401544266904 1 2.23606797749979
9 8 1.20710678118655 0.207106781186548 1 1.4142135623731
11 9 1.41683715376238 0.302221626984685 0.949333749479724 1.88888888888889
8 8 1.14412280563537 0.437016024448821 0.707106781186548 1.58113883008419
