m.cx m.cy m.majoraxis m.eccentricity m.theta
51.3478260869565 3 7.15559898486363 0.807468877150141 -0.532904875840454
60.4137931034483 4.10344827586207 9.14125966936391 0.894517904525253 -0.352214512501
67.5714285714286 6.71428571428571 6.49353563909374 0.775196679940837 -0.07763099695358
75.75 7.40625 8.0917632661966 0.77270065015409 -0.452615578503888
23.7578125 17.0625 35.1873334727291 0.984134681422396 -0.772367280827849
43.4285714285714 8.28571428571429 6.49353563909374 0.77519667994084 -0.0776309969535793
50.4 10.4 4.6188021535172 0.489897948556567 -0.78539816339696
59.1052631578947 11.5789473684211 5.54469823377659 0.632280896446534 -0.223759987578756
82.92 11.68 7.5903265395707 0.834975578029264 0.0536394278242292
65.9411764705882 14.4117647058824 5.69530651647404 0.75928349466617 -0.434617402732719
35 15 5.65685424949238 0.816496580927729 0
74 15 3.26598632371165 6.84805231873754e-07 0
43 16.5 5.65685424949238 0.612372435695794 0
88.7272727272727 17.2424242424242 8.25733973783693 0.784966274898049 -0.555294714948573
50 17.6666666666667 5.33333333333341 0.612372435695821 0
80.8235294117647 20.6176470588235 7.62723906697962 0.637701087402574 -0.233001196358919
58 20.5 5.65685424949238 0.612372435695794 0
94.8 21.68 6.91428661357138 0.7494626391669 1.08177914048732
27.3913043478261 22.4347826086957 6.66728160880388 0.757544515981121 -0.107534069195637
65.5789473684211 23.1052631578947 5.54469823377715 0.632280896446532 -1.34703633921602
35.7727272727273 23.7727272727273 5.96962005795727 0.610665867299201 -0.785398163397448
44.2903225806452 25.5483870967742 6.54523523679779 0.379290703373233 -0.839533458827817
51.4074074074074 25.962962962963 6.67069876135302 0.639405095372258 -0.481023517531728
69.031746031746 29.7936507936508 17.3456689001817 0.949972084168657 -0.815525856233427
87.4166666666667 26.9583333333333 6.58219716855353 0.692709952677106 -0.418692668354472
96.4545454545455 28.3636363636364 9.42768800289875 0.863909292077819 -0.383301692137364
58.3461538461538 29 6.49246487854959 0.62910935951154 -0.31564983559673
22 29.5 4.47213595499958 0.683130051063962 1.5707963267949
78.5789473684211 30.1052631578947 5.54469823377724 0.632280896446901 -1.34703633921631
31.1071428571429 31.6785714285714 6.6332495807109 0.572239684074489 -1.22524074621325
10.1612903225806 32.7096774193548 8.05157549808796 0.770809867381098 -0.979102894494735
39.25 33 6.52151251412281 0.675275058035667 -0.212602509489796
48.5925925925926 34.1851851851852 6.39364541933778 0.529941938922349 -0.155434137703328
94.1008403361345 37.8991596638655 24.8590345911824 0.957381384215335 -0.344078782702629
85.5925925925926 35.037037037037 6.67069876135325 0.639405095372342 -0.481023517531843
57.5 37 5.65685424949238 0.612372435695794 1.5707963267949
15 37.5 4.47213595499958 0.683130051063979 1.5707963267949
76.5 38.5 7.2248210377272 0.625095307568638 -0.884095943322389
24.2592592592593 38.8148148148148 6.728170831798 0.642365837572062 -0.41846659522871
6.04651162790698 41.6976744186046 10.7767061329462 0.871873728969516 -1.05829750566502
67.1739130434783 40 5.40531139753742 0.128697890418079 1.5707963267949
33.375 41.34375 6.4886460839869 0.2599794501504 0.359673264250654
41.5 41 6.20173672946047 0.544058820349454 0
50.4074074074074 42.962962962963 6.67069876135323 0.639405095372207 -0.48102351753145
97.8023255813954 51.4127906976744 25.3131039797386 0.912802743350109 -1.18108393388942
15 44.5 7.65610654037717 0.832421996637896 -0.138109248278552
59.5 45 6.83130051063955 0.878310065653658 0
23.9310344827586 47.4137931034483 6.72846201612567 0.575904896582626 -1.37583739482967
41.1538461538462 49.4615384615385 6.51041804161919 0.63653155377975 -1.2722079977488
33 49.5 5.65685424949238 0.612372435695794 0
69.2142857142857 50.3214285714286 8.78536326590741 0.883022828980289 0.628008084445284
85.8536585365854 50.780487804878 7.50762868353134 0.378771740109141 -0.831367492839557
6.59259259259259 50.9259259259259 6.42150068125613 0.572412597655765 -0.218019173660149
50.0833333333333 51.9166666666667 5.77350269189678 0.408248290464064 0.785398163398103
15.5 52.5 6.83130051063972 0.755928946018454 0
59.6666666666667 53.8333333333333 7.32587092042891 0.633803977726426 -1.2321380285242
25.5 55.5 4.47213595499958 0 0
78 56 3.26598632371165 8.25906184944571e-07 0
33.1739130434783 58.1304347826087 5.87902873572609 0.520404143925018 -0.909454887945671
2.25 58.625 5.66195880357727 0.73599968530285 -1.04943538761063
41.5 58.6363636363636 6.4666979068285 0.750757193529432 0
69.3928571428571 58.5 8.89223995519565 0.887827936914058 0.125070312451038
10.1714285714286 60.6 7.32408396506052 0.548581716670699 -0.102664691294487
18.7727272727273 59.9090909090909 5.49379815626876 0.357978993062741 -0.588002603548761
50.6538461538462 60.1538461538462 6.37154743810278 0.58620833441637 0.061230528708615
85.4 60.96 6.92122125632814 0.755637421162388 -0.528030803598735
59.5 62.3636363636364 6.46669790682879 0.750757193529689 -3.08692451373009e-13
102.25 64.75 8.08290376865448 0.874817765279615 -1.42889927219069
33.2903225806452 66.3548387096774 7.26236840726392 0.662799612399742 -0.860411641789327
77.6764705882353 65.6764705882353 10.2443899325066 0.906215581492438 -0.254095188650363
6.9375 67.53125 8.44777552370495 0.818479270766012 -0.535007499069092
24.2307692307692 67.1923076923077 6.80449368423496 0.670494746736203 1.09122691164278
44.8064516129032 67.7096774193548 6.79973497856898 0.494888906035581 -0.683240231097476
66.5714285714286 68.6607142857143 12.109599419517 0.867478262545318 -0.366254622578355
92 68 3.26598632371165 1.16791267141618e-06 1.5707963267949
17.1052631578947 69.5789473684211 5.54469823377708 0.632280896446479 -0.22375998757859
54.4 69.4 4.61880215351766 0.489897948557039 -0.785398163396738
79.9090909090909 73.0909090909091 5.50281670924452 0.428259399824121 -0.785398163396138
89 72 3.26598632371165 0 0
98.84 73.96 8.14202514603115 0.872454278649487 -1.09375362856491
25.6382978723404 75.3829787234042 9.125376416033 0.656008412601208 -0.642167131846907
12.5 75.5 6.5599665768036 0.772836515749525 0.219168279929006
70 75 3.26598632371165 0 0
45.4444444444444 77.2222222222222 6.58110492848151 0.606009480283219 0.125501343321267
55.4074074074074 77.1851851851852 6.39364541933831 0.529941938922704 0.155434137703086
88 79.3333333333333 5.33333333333273 0.612372435695586 0
6.75675675675676 82.5675675675676 10.6729320389464 0.89911010161116 1.21141714531347
15.1666666666667 81.5666666666667 8.50239031200901 0.848372511738219 -0.558311380978441
34.7777777777778 81.2777777777778 8.11051336299003 0.709798572417057 -0.510205189559236
94.8947368421053 80.8421052631579 6.39306827934521 0.796016062117825 -0.829953394262048
68.5166666666667 86.0666666666667 14.4997233965455 0.879679579837498 1.29677997763589
76.5 81 4.47213595499958 0.683130051063796 0
27.2325581395349 87.0697674418605 12.0131791639485 0.904396751454006 0.957610364916867
57.5 85 4.47213595499958 0.683130051063796 0
42 86.5 5.8653008661953 0.814161461922146 -0.454876578972105
50.9310344827586 87.4137931034483 6.72846201612746 0.575904896582869 -1.37583739482943
89.8947368421053 87.4210526315789 5.5446982337773 0.632280896446556 -0.223759987578841
20 88 3.26598632371165 6.53021181707395e-07 1.5707963267949
78.43 95.26 20.6571144313379 0.913224835615131 -1.01874002413674
13.8378378378378 92.4594594594595 8.3030974267513 0.719960362849445 1.24956905844499
37.8387096774194 91.2258064516129 7.5148822596702 0.710414787606676 0.149421257574831
49.0740740740741 95.7407407407407 6.51805777823636 0.582787548981635 -1.42579636726827
23 97 7.76350401496988 0.721000161414428 -0.190253188556247
63.1894736842105 100.557894736842 16.5858708473415 0.725065223016503 0.346005191205396
32.5272727272727 101.818181818182 11.4150622397002 0.784897473474375 -0.815263585047428
41 102.5 5.54259346189277 0.693483744184735 -0.403335774710429
47 107.5 7.49561670432353 0.588820893281431 -0.236925668247142
55 107.5 8 0.82915619758885 0
