FBgn0029663 146 4.85999 1 10000 0.0001999800019998 1 3.69901343161288 2.16435285578444
FBgn0011715 20 4.60402 3 10000 0.0003999600039996 2 3.3979834359489 1.30102999566398
FBgn0266437 142 4.7582 3 10000 0.0003999600039996 2 3.3979834359489 2.15228834438306
FBgn0029067 33 4.3431 3 10000 0.0003999600039996 2 3.3979834359489 1.51851393987789
FBgn0039252 45 4.72733 4 10000 0.0004999500049995 5 3.30107342294084 1.65321251377534
FBgn0264342 68 4.57317 4 10000 0.0004999500049995 5 3.30107342294084 1.83250891270624
FBgn0265722 100 4.54992 4 10000 0.0004999500049995 5 3.30107342294084 2
FBgn0037330 16 4.21264 5 10000 0.0005999400059994 8 3.22189217689322 1.20411998265592
FBgn0032282 68 4.80204 5 10000 0.0005999400059994 8 3.22189217689322 1.83250891270624
FBgn0029974 87 4.72913 5 10000 0.0005999400059994 8 3.22189217689322 1.93951925261862
FBgn0001089 152 4.76862 6 10000 0.0006999300069993 11 3.15494538726261 2.18184358794477
FBgn0261938 166 4.67438 6 10000 0.0006999300069993 11 3.15494538726261 2.22010808804005
FBgn0264448 130 4.76862 6 10000 0.0006999300069993 11 3.15494538726261 2.11394335230684
FBgn0000339 50 4.395 7 10000 0.0007999200079992 14 3.09695344028492 1.69897000433602
FBgn0027503 48 4.50862 7 10000 0.0007999200079992 14 3.09695344028492 1.68124123737559
FBgn0031762 249 4.76862 7 10000 0.0007999200079992 14 3.09695344028492 2.39619934709574
FBgn0263121 2 3.59495 8 10000 0.0008999100089991 17 3.04580091783754 0.301029995663981
FBgn0261274 176 4.54992 9 10000 0.000999900009999 18 3.00004342727686 2.24551266781415
FBgn0035929 82 4.50764 9 10000 0.000999900009999 18 3.00004342727686 1.91381385238372
FBgn0011708 67 4.395 10 10000 0.0010998900109989 20 2.95865074211864 1.82607480270083
FBgn0024289 26 4.45188 10 10000 0.0010998900109989 20 2.95865074211864 1.41497334797082
FBgn0031617 89 4.57317 13 10000 0.0013998600139986 22 2.85391539159862 1.94939000664491
FBgn0085455 97 4.50764 14 10000 0.0014998500149985 23 2.82395216822118 1.98677173426624
FBgn0064116 23 3.77294 15 10000 0.0015998400159984 24 2.79592344462094 1.36172783601759
FBgn0064117 23 3.77294 15 10000 0.0015998400159984 24 2.79592344462094 1.36172783601759
FBgn0034191 53 4.25225 15 10000 0.0015998400159984 24 2.79592344462094 1.72427586960079
FBgn0035495 200 4.71777 15 10000 0.0015998400159984 24 2.79592344462094 2.30102999566398
FBgn0264891 56 4.30645 16 10000 0.0016998300169983 28 2.76959450589859 1.7481880270062
FBgn0028935 100 4.49684 16 10000 0.0016998300169983 28 2.76959450589859 2
FBgn0266539 7 3.73777 18 10000 0.0018998100189981 30 2.72128982632403 0.845098040014257
FBgn0025825 7 3.73777 18 10000 0.0018998100189981 30 2.72128982632403 0.845098040014257
FBgn0037486 28 4.02988 19 10000 0.001999800019998 32 2.69901343161288 1.44715803134222
FBgn0050394 58 4.21975 19 10000 0.001999800019998 32 2.69901343161288 1.76342799356294
FBgn0262393 9 3.83843 19 10000 0.001999800019998 32 2.69901343161288 0.954242509439325
FBgn0010591 95 4.25225 20 10000 0.0020997900209979 35 2.67782413254294 1.97772360528885
FBgn0020277 13 3.87518 20 10000 0.0020997900209979 35 2.67782413254294 1.11394335230684
FBgn0001624 440 4.79779 20 10000 0.0020997900209979 35 2.67782413254294 2.64345267648619
FBgn0026189 364 4.7582 20 10000 0.0020997900209979 35 2.67782413254294 2.56110138364906
FBgn0037702 65 4.36386 21 10000 0.0021997800219978 39 2.65762074645466 1.81291335664286
FBgn0051885 67 4.29763 22 10000 0.0022997700229977 40 2.63831559125927 1.82607480270083
FBgn0015338 60 4.14326 23 10000 0.0023997600239976 41 2.61983218556526 1.77815125038364
FBgn0033598 50 4.19444 23 10000 0.0023997600239976 41 2.61983218556526 1.69897000433602
FBgn0032016 76 4.12856 24 10000 0.0024997500249975 43 2.60210341860483 1.88081359228079
FBgn0267105 23 3.97668 24 10000 0.0024997500249975 43 2.60210341860483 1.36172783601759
FBgn0030598 89 4.23985 25 10000 0.0025997400259974 45 2.58507007930604 1.94939000664491
FBgn0033599 85 4.19444 26 10000 0.0026997300269973 46 2.56867966311788 1.92941892571429
FBgn0036317 199 4.51603 27 10000 0.0027997200279972 47 2.55288539593464 2.29885307640971
FBgn0031322 354 4.7209 28 10000 0.0028997100289971 48 2.53764542937791 2.54900326202579
FBgn0259211 946 4.92589 28 10000 0.0028997100289971 48 2.53764542937791 2.97589113640179
FBgn0265348 102 4.29821 29 10000 0.002999700029997 50 2.5229221725572 2.00860017176192
FBgn0029532 18 3.65205 29 10000 0.002999700029997 50 2.5229221725572 1.25527250510331
FBgn0030556 68 4.11483 29 10000 0.002999700029997 50 2.5229221725572 1.83250891270624
FBgn0010473 898 4.88995 29 10000 0.002999700029997 50 2.5229221725572 2.9532763366673
FBgn0033159 684 4.88044 29 10000 0.002999700029997 50 2.5229221725572 2.83505610172012
FBgn0034724 251 4.54702 29 10000 0.002999700029997 50 2.5229221725572 2.39967372148104
FBgn0035398 459 4.69836 29 10000 0.002999700029997 50 2.5229221725572 2.66181268553726
FBgn0036891 18 3.87518 33 10000 0.0033996600339966 57 2.46856451023461 1.25527250510331
FBgn0032017 98 4.12856 33 10000 0.0033996600339966 57 2.46856451023461 1.99122607569249
FBgn0010226 140 4.25225 34 10000 0.0034996500349965 59 2.45597538292659 2.14612803567824
FBgn0038088 91 4.21512 35 10000 0.0035996400359964 60 2.44374092650958 1.95904139232109
FBgn0262167 154 4.23962 36 10000 0.0036996300369963 61 2.43184170320987 2.18752072083646
FBgn0267085 40 4.08055 36 10000 0.0036996300369963 61 2.43184170320987 1.60205999132796
FBgn0050089 632 4.7956 36 10000 0.0036996300369963 61 2.43184170320987 2.80071707828239
FBgn0264476 59 4.0904 37 10000 0.0037996200379962 64 2.42025983066005 1.77085201164214
FBgn0261041 335 4.50528 37 10000 0.0037996200379962 64 2.42025983066005 2.52504480703685
FBgn0031534 125 4.29288 38 10000 0.0038996100389961 66 2.40897882025036 2.09691001300806
FBgn0028525 105 4.14326 39 10000 0.003999600039996 67 2.3979834359489 2.02118929906994
FBgn0010803 36 4.03307 40 10000 0.0040995900409959 68 2.38725957055713 1.55630250076729
FBgn0034400 133 4.28031 40 10000 0.0040995900409959 68 2.38725957055713 2.12385164096709
FBgn0031442 45 4.00546 41 10000 0.0041995800419958 70 2.37679413687896 1.65321251377534
FBgn0029812 51 4.08055 41 10000 0.0041995800419958 70 2.37679413687896 1.70757017609794
FBgn0035426 62 4.02608 42 10000 0.0042995700429957 72 2.36657497169728 1.79239168949825
FBgn0036906 29 3.83843 43 10000 0.0043995600439956 73 2.35659075079068 1.46239799789896
FBgn0037391 39 3.96163 43 10000 0.0043995600439956 73 2.35659075079068 1.5910646070265
FBgn0028841 89 4.2191 43 10000 0.0043995600439956 73 2.35659075079068 1.94939000664491
FBgn0011282 31 3.90741 44 10000 0.0044995500449955 76 2.34683091350152 1.49136169383427
FBgn0265417 28 3.82193 44 10000 0.0044995500449955 76 2.34683091350152 1.44715803134222
FBgn0037569 27 3.91888 45 10000 0.0045995400459954 78 2.33728559559529 1.43136376415899
FBgn0003082 15 3.59495 45 10000 0.0045995400459954 78 2.33728559559529 1.17609125905568
FBgn0010770 67 4.05636 45 10000 0.0045995400459954 78 2.33728559559529 1.82607480270083
FBgn0030596 122 4.14017 45 10000 0.0045995400459954 78 2.33728559559529 2.08635983067475
FBgn0037485 35 4.00482 46 10000 0.0046995300469953 82 2.32794556934115 1.54406804435028
FBgn0022710 739 4.74482 46 10000 0.0046995300469953 82 2.32794556934115 2.86864443839483
FBgn0037492 38 3.90741 47 10000 0.0047995200479952 84 2.31880218990128 1.57978359661681
FBgn0038067 31 3.69314 47 10000 0.0047995200479952 84 2.31880218990128 1.49136169383427
FBgn0260874 35 3.83843 47 10000 0.0047995200479952 84 2.31880218990128 1.54406804435028
FBgn0265793 56 4.04435 48 10000 0.0048995100489951 87 2.30984734724835 1.7481880270062
FBgn0029662 181 4.33695 49 10000 0.004999500049995 88 2.30107342294084 2.25767857486918
FBgn0033101 22 3.83256 49 10000 0.004999500049995 88 2.30107342294084 1.34242268082221
FBgn0263239 517 4.66209 49 10000 0.004999500049995 88 2.30107342294084 2.71349054309394
FBgn0038923 57 4.04033 50 10000 0.0050994900509949 91 2.29247325117893 1.75587485567249
FBgn0261616 37 3.66466 50 10000 0.0050994900509949 91 2.29247325117893 1.56820172406699
FBgn0267070 23 3.58579 50 10000 0.0050994900509949 91 2.29247325117893 1.36172783601759
FBgn0033100 20 3.83256 51 10000 0.0051994800519948 94 2.28404008364206 1.30102999566398
FBgn0034127 57 4.0616 51 10000 0.0051994800519948 94 2.28404008364206 1.75587485567249
FBgn0029990 47 3.92485 52 10000 0.0052994700529947 96 2.27576755767607 1.67209785793572
FBgn0001137 57 3.92316 53 10000 0.0053994600539946 97 2.26764966745389 1.75587485567249
FBgn0039207 195 4.23962 54 10000 0.0054994500549945 98 2.25968073778262 2.29003461136252
FBgn0050363 20 3.7437 54 10000 0.0054994500549945 98 2.25968073778262 1.30102999566398
FBgn0050366 20 3.7437 54 10000 0.0054994500549945 98 2.25968073778262 1.30102999566398
FBgn0265545 55 3.85782 54 10000 0.0054994500549945 98 2.25968073778262 1.74036268949424
FBgn0042207 34 3.69314 55 10000 0.0055994400559944 102 2.25185540027066 1.53147891704226
FBgn0264566 29 3.89106 55 10000 0.0055994400559944 102 2.25185540027066 1.46239799789896
FBgn0000227 100 4.13695 57 10000 0.0057994200579942 104 2.23661543371393 2
FBgn0004175 10 3.42591 57 10000 0.0057994200579942 104 2.23661543371393 1
FBgn0039031 52 3.98372 57 10000 0.0057994200579942 104 2.23661543371393 1.7160033436348
FBgn0051898 73 3.8913 57 10000 0.0057994200579942 104 2.23661543371393 1.86332286012046
FBgn0265147 61 3.96425 57 10000 0.0057994200579942 104 2.23661543371393 1.78532983501077
FBgn0261241 58 4.03307 58 10000 0.0058994100589941 109 2.22919141563472 1.76342799356294
FBgn0262036 81 3.98953 58 10000 0.0058994100589941 109 2.22919141563472 1.90848501887865
FBgn0261283 44 3.83843 59 10000 0.005999400059994 111 2.22189217689322 1.64345267648619
FBgn0030678 41 3.6541 59 10000 0.005999400059994 111 2.22189217689322 1.61278385671974
FBgn0033371 26 3.70404 59 10000 0.005999400059994 111 2.22189217689322 1.41497334797082
FBgn0053318 54 3.78001 60 10000 0.0060993900609939 114 2.2147135922661 1.73239375982297
FBgn0032421 105 4.02448 61 10000 0.0061993800619938 115 2.20765173777861 2.02118929906994
FBgn0034263 31 3.75999 62 10000 0.0062993700629937 116 2.20070287782328 1.49136169383427
FBgn0264442 834 4.66835 62 10000 0.0062993700629937 116 2.20070287782328 2.92116605063774
FBgn0004034 24 3.66085 63 10000 0.0063993600639936 118 2.19386345329298 1.38021124171161
FBgn0039034 65 3.88354 63 10000 0.0063993600639936 118 2.19386345329298 1.81291335664286
FBgn0085223 56 3.87132 63 10000 0.0063993600639936 118 2.19386345329298 1.7481880270062
FBgn0029531 33 3.65205 63 10000 0.0063993600639936 118 2.19386345329298 1.51851393987789
FBgn0263316 87 3.92683 64 10000 0.0064993500649935 122 2.18713007063401 1.93951925261862
FBgn0020306 247 4.21975 64 10000 0.0064993500649935 122 2.18713007063401 2.39269695325967
FBgn0002576 356 4.41706 65 10000 0.0065993400659934 124 2.18049949173499 2.55144999797288
FBgn0003317 25 3.71611 66 10000 0.0066993300669933 125 2.17396862457604 1.39794000867204
FBgn0038924 96 4.04033 66 10000 0.0066993300669933 125 2.17396862457604 1.98227123303957
FBgn0001084 69 3.8913 67 10000 0.0067993200679932 127 2.16753451457063 1.83884909073726
FBgn0266846 23 3.78166 67 10000 0.0067993200679932 127 2.16753451457063 1.36172783601759
FBgn0015664 90 4.0325 68 10000 0.0068993100689931 129 2.16119433653961 1.95424250943932
FBgn0020369 23 3.44168 68 10000 0.0068993100689931 129 2.16119433653961 1.36172783601759
FBgn0041092 2117 4.91859 68 10000 0.0068993100689931 129 2.16119433653961 3.32572085801941
FBgn0266350 1813 4.85999 69 10000 0.006999300069993 132 2.15494538726261 3.25839780409551
FBgn0037388 17 3.54565 70 10000 0.0070992900709929 133 2.14878507855779 1.23044892137827
FBgn0050385 41 3.80369 71 10000 0.0071992800719928 134 2.14271093084559 1.61278385671974
FBgn0027330 112 3.84125 71 10000 0.0071992800719928 134 2.14271093084559 2.04921802267018
FBgn0265761 91 3.88604 72 10000 0.0072992700729927 136 2.13672056715641 1.95904139232109
FBgn0037385 25 3.68523 73 10000 0.0073992600739926 137 2.13081170754589 1.39794000867204
FBgn0032420 134 4.02448 73 10000 0.0073992600739926 137 2.13081170754589 2.12710479836481
FBgn0050431 29 3.67073 74 10000 0.0074992500749925 139 2.12498216388516 1.46239799789896
FBgn0032172 93 4.0325 75 10000 0.0075992400759924 140 2.11922983499607 1.96848294855394
FBgn0014417 57 3.87759 75 10000 0.0075992400759924 140 2.11922983499607 1.75587485567249
FBgn0036032 126 4.08607 76 10000 0.0076992300769923 142 2.11355270210438 2.10037054511756
FBgn0264890 74 3.96207 77 10000 0.0077992200779922 143 2.10794882458638 1.86923171973098
FBgn0017566 68 3.72819 77 10000 0.0077992200779922 143 2.10794882458638 1.83250891270624
FBgn0039251 23 3.72708 78 10000 0.0078992100789921 145 2.10241633598642 1.36172783601759
FBgn0261596 26 3.59979 78 10000 0.0078992100789921 145 2.10241633598642 1.41497334797082
FBgn0037389 21 3.54565 79 10000 0.007999200079992 147 2.09695344028492 1.32221929473392
FBgn0032369 162 4.08711 79 10000 0.007999200079992 147 2.09695344028492 2.20951501454263
FBgn0000286 111 4.05625 80 10000 0.0080991900809919 149 2.09155840839821 2.04532297878666
FBgn0032521 126 4.01974 80 10000 0.0080991900809919 149 2.09155840839821 2.10037054511756
FBgn0026395 88 4.00546 80 10000 0.0080991900809919 149 2.09155840839821 1.94448267215017
FBgn0015790 140 4.05636 82 10000 0.0082991700829917 152 2.08096533490079 2.14612803567824
FBgn0003963 1118 4.65228 83 10000 0.0083991600839916 153 2.07576414121498 3.0484418035504
FBgn0038452 34 3.66712 84 10000 0.0084991500849915 154 2.07062450156257 1.53147891704226
FBgn0051262 187 4.11895 84 10000 0.0084991500849915 154 2.07062450156257 2.2718416065365
FBgn0260718 1 2.839 84 10000 0.0084991500849915 154 2.07062450156257 0
FBgn0034399 64 3.86713 84 10000 0.0084991500849915 154 2.07062450156257 1.80617997398389
FBgn0037369 8 3.25314 85 10000 0.0085991400859914 158 2.0655449760333 0.903089986991944
FBgn0266369 78 3.78001 85 10000 0.0085991400859914 158 2.0655449760333 1.89209460269048
FBgn0000640 120 3.98953 86 10000 0.0086991300869913 160 2.06052417465824 2.07918124604762
FBgn0037660 43 3.74034 86 10000 0.0086991300869913 160 2.06052417465824 1.63346845557959
FBgn0030679 40 3.6541 86 10000 0.0086991300869913 160 2.06052417465824 1.60205999132796
FBgn0032647 83 4.06145 87 10000 0.0087991200879912 163 2.05556075512669 1.91907809237607
FBgn0033890 51 3.70859 87 10000 0.0087991200879912 163 2.05556075512669 1.70757017609794
FBgn0034194 184 4.12179 87 10000 0.0087991200879912 163 2.05556075512669 2.26481782300954
FBgn0031585 147 4.05904 88 10000 0.0088991100889911 166 2.05065342063195 2.16731733474818
FBgn0058469 2 2.75367 88 10000 0.0088991100889911 166 2.05065342063195 0.301029995663981
FBgn0260749 150 4.15001 89 10000 0.008999100089991 168 2.04580091783754 2.17609125905568
FBgn0032117 144 3.98953 89 10000 0.008999100089991 168 2.04580091783754 2.15836249209525
FBgn0020653 60 3.72819 89 10000 0.008999100089991 168 2.04580091783754 1.77815125038364
FBgn0050384 43 3.80369 90 10000 0.0090990900909909 171 2.04100203495577 1.63346845557959
FBgn0017572 8 3.32784 90 10000 0.0090990900909909 171 2.04100203495577 0.903089986991944
FBgn0083938 60 3.93565 91 10000 0.0091990800919908 173 2.03625559993131 1.77815125038364
FBgn0025558 9 3.32784 92 10000 0.0092990700929907 174 2.03156047872293 0.954242509439325
FBgn0036318 172 4.14987 93 10000 0.0093990600939906 175 2.02691557367716 2.23552844690755
FBgn0040719 68 3.92824 95 10000 0.0095990400959904 176 2.01777219423729 1.83250891270624
FBgn0031530 752 4.57246 96 10000 0.0096990300969903 177 2.01327169301062 2.87621784059164
FBgn0001125 145 3.99453 97 10000 0.0097990200979902 178 2.00881735158437 2.16136800223497
FBgn0037340 11 3.30224 98 10000 0.0098990100989901 179 2.00440823267931 1.04139268515823
FBgn0034398 67 3.86713 98 10000 0.0098990100989901 179 2.00440823267931 1.82607480270083
FBgn0031620 185 4.13695 99 10000 0.00999900009999 181 2.00004342727686 2.26717172840301
FBgn0032042 77 3.87759 99 10000 0.00999900009999 181 2.00004342727686 1.88649072517248
