m.cx m.cy m.majoraxis m.eccentricity m.theta
47 1.84615384615385 5.20354908470382 0.806442589617907 0
33.5714285714286 5.89795918367347 11.0983963156312 0.810749638842882 -0.871504147520944
74.4195402298851 15.683908045977 46.3611491536067 0.982743816016551 0.744804334997752
43 8.375 6.19811799392902 0.612593788472118 1.5707963267949
52 8.5 6.20173672946043 0.544058820349446 1.5707963267949
23.5 10 4.47213595499958 0.683130051063971 0
18.9411764705882 15.2352941176471 7.48291831000478 0.593941614417118 -1.15430569345768
38.3666666666667 15.5 6.96197352966611 0.623171215099798 -0.849801512883642
29.0833333333333 16.0833333333333 5.77350269189627 0.408248290463832 -0.785398163397366
47.7727272727273 15.7727272727273 5.96962005795693 0.610665867299153 -0.785398163397551
57.5 15.5 4.47213595499958 0 0
66 15.5 5.65685424949238 0.612372435695794 0
43.8 23.44 6.45921595312104 0.65793892136502 -1.13494514616214
53.5 23 5.65685424949238 0.612372435695794 1.5707963267949
62.0909090909091 23.0454545454545 6.00596053861284 0.641707776881782 -0.862484248326446
71.0909090909091 22.9090909090909 5.50281670924436 0.428259399823572 -0.785398163397121
15.4193548387097 24.5483870967742 6.42575463122002 0.331175813360265 1.03037682652448
24.9166666666667 23.9166666666667 5.77350269189631 0.408248290463963 -0.785398163397448
34.3666666666667 24.2666666666667 6.91036950420809 0.600072379111611 -0.861683525598598
59.0909090909091 30.0909090909091 5.50281670924378 0.428259399823337 0.78539816339794
68 30 5.89767824619603 0.565685424949208 -0.785398163397285
76.8947368421053 29.5789473684211 5.54469823377729 0.632280896446642 0.223759987578777
49.5925925925926 31.0740740740741 6.42150068125601 0.572412597655736 0.218019173660108
20.7692307692308 32.5 6.20173672946047 0.471331991439019 1.5707963267949
30.2592592592593 32.0740740740741 6.51805777823949 0.582787548982045 0.144999959525746
39.8260869565217 32 5.40531139753742 0.128697890418079 1.5707963267949
11.0833333333333 32.9166666666667 5.77350269189642 0.408248290463888 0.785398163397714
82.3636363636364 36.5 6.4666979068285 0.750757193529317 1.57079632679459
89.6818181818182 39.5909090909091 14.8296980783083 0.963449580277508 1.30708548851014
73.9090909090909 37.0909090909091 5.50281670924436 0.428259399823572 -0.785398163397121
65 38.1739130434783 5.40531139753776 0.128697890417588 0
46 39.5 6.20173672946047 0.544058820349454 1.5707963267949
55.6538461538462 38.8461538461538 6.37154743810221 0.586208334416347 -0.0612305287086309
27 40.5 6.20173672946047 0.54405882034941 1.5707963267949
36.5925925925926 39.9259259259259 6.42150068125602 0.572412597655665 -0.218019173660165
17.9259259259259 41.2592592592593 6.51805777823953 0.58278754898201 -1.425796367269
7.74074074074074 41.9259259259259 6.51805777823955 0.582787548981923 0.144999959525938
79.8260869565217 44 5.40531139753742 0.128697890416145 1.5707963267949
71.1052631578947 45.5789473684211 5.54469823377602 0.632280896446533 -0.223759987578969
61.6086956521739 46.4347826086956 6.66728160880348 0.757544515981008 0.107534069195683
42.9166666666667 48.0833333333333 5.77350269189631 0.408248290464097 0.785398163396466
53 47.8260869565217 5.40531139753709 0.128697890417604 -1.50350842886747e-11
23.6785714285714 49.1071428571429 6.63324958071079 0.572239684074442 -0.345555580581724
33.5 49 6.70776738050217 0.622166912169514 -0.357871794834433
5 50 5.65685424949238 0 0
14.3461538461538 49.7307692307692 6.45896479199203 0.60219722563295 -0.28228469683394
85.5 49.5 4.47213595499958 0 0
76.3461538461538 51.8846153846154 6.78927846358568 0.705371415643622 -0.514303458433706
58.8571428571429 54.8571428571429 6.11010092660799 0.712241974147316 -0.785398163397448
68 54 5.65685424949238 0.816496580927772 0
49.4210526315789 55.8947368421053 5.54469823377702 0.632280896446426 -1.34703633921659
30.0740740740741 57.4074074074074 6.42150068125643 0.572412597655773 -1.35277715313515
39.8260869565217 57 5.40531139753709 0.128697890417604 -1.57079632677986
82.8461538461538 57.5384615384615 6.51041804161791 0.636531553779389 -1.27220799774879
21 58 5.89767824619572 0.565685424949238 -0.785398163397285
3.42105263157895 59.1052631578947 5.54469823377655 0.632280896446517 1.34703633921621
11.44 58.8 6.45921595312104 0.657938921364937 -0.435851180632748
73.8947368421053 60.4210526315789 5.5446982337773 0.632280896446556 -0.223759987578841
89.258064516129 63.0967741935484 7.78453554823727 0.750751995830892 -1.46770095472108
55.9090909090909 63.0909090909091 5.50281670924419 0.428259399823585 -0.785398163396793
65 62.5 5.54259346189269 0.693483744184874 -0.403335774710947
46.0833333333333 63.9166666666667 5.77350269189615 0.408248290463573 0.785398163398103
36.5 65 5.65685424949238 0.612372435695794 1.5707963267949
17.8846153846154 66.3461538461538 6.78927846358634 0.705371415643537 -1.05649286836146
27.3461538461538 65.8846153846154 6.78927846358507 0.705371415643738 -0.51430345843389
8.46153846153846 67.1538461538462 6.51041804161892 0.636531553780145 -0.298588329046092
79.8947368421053 66.4210526315789 5.54469823377855 0.632280896446751 -0.223759987578585
71.6 68.6 4.61880215351648 0.489897948555076 -0.785398163397448
62.1666666666667 70.6666666666667 5.66132748287602 0.698929560158002 -0.30187466669885
85.0833333333333 75.0666666666667 16.5117483142667 0.945747807323158 -1.26925794562131
53 71.5 5.54259346189325 0.693483744184922 -0.40333577471077
33.9090909090909 73.0909090909091 5.5028167092432 0.428259399823101 -0.785398163396138
43.8947368421053 72.4210526315789 5.54469823377702 0.632280896446426 -0.223759987578307
77 74 5.08967208224295 0 0
7.5 75 5.54259346189262 0.69348374418477 1.16746055208396
15.0909090909091 74.9090909090909 5.50281670924444 0.428259399823566 -0.785398163397612
24.5 74.3636363636364 6.46669790682864 0.750757193529329 1.54346225686659e-13
69 77 5.65685424949238 0.816496580927633 0
59.1666666666667 78.6666666666667 5.66132748287529 0.698929560157724 -0.301874666698085
50 80 5.89767824619587 0.565685424949223 -0.785398163397775
40.1304347826087 80.8260869565217 5.87902873572693 0.520404143925286 0.661341438849793
30.9166666666667 81.9166666666667 5.77350269189615 0.408248290464108 -0.785398163396793
74.6 81.4 4.61880215351806 0.489897948557694 0.785398163394606
12.9166666666667 82.9166666666667 5.77350269189525 0.408248290463905 -0.785398163395402
21.8260869565217 83 5.40531139753776 0.12869789041795 1.5707963267949
65.5789473684211 83.8947368421053 5.5446982337773 0.632280896446556 1.34703633921606
56.5 86 5.54259346189222 0.693483744184687 -1.16746055208429
47.6 87.6 4.61880215351727 0.489897948556385 -0.785398163398869
28.9259259259259 89.5925925925926 6.42150068125601 0.572412597655736 -1.35277715313479
38.4210526315789 88.8947368421053 5.54469823377827 0.632280896446622 -1.34703633921685
72.4418604651163 90.1162790697674 7.98499262015554 0.50492740965127 0.403992341607584
19.9259259259259 90.4074074074074 6.42150068125708 0.572412597655937 1.35277715313503
63.1666666666667 91.3333333333333 5.66132748287614 0.698929560157721 0.301874666699114
54 93.3333333333333 5.33333333333341 0.612372435694881 0
45.0909090909091 94.9090909090909 5.50281670924502 0.428259399824082 -0.785398163397776
27.1304347826087 96.8260869565217 5.87902873572786 0.520404143925005 0.6613414388513
35.8260869565217 96.8695652173913 5.87902873572817 0.520404143925181 -0.909454887948308
67 97 3.26598632371165 1.16791267141618e-06 0
60.8260869565217 99 5.40531139753776 0.128697890418555 1.5707963267949
51.5862068965517 100.931034482759 6.72846201612644 0.57590489658257 0.194958931965745
41 102 10.3279555898865 0.948683298050562 0
