m.cx m.cy m.majoraxis m.eccentricity m.theta
34.5 3 6.83130051063982 0.878310065653683 0
44.1923076923077 4.23076923076923 6.80449368423448 0.670494746736162 0.47956941515223
62.7796610169492 7.41525423728814 29.3023723851099 0.973389284560444 0.27554230278532
22.483606557377 9.79508196721311 26.672382425772 0.926132451478856 -0.376224132403632
38.4074074074074 12.0740740740741 6.42150068125657 0.57241259765585 -0.218019173660048
48.5 13.6363636363636 6.46669790682879 0.750757193529566 0
56.0909090909091 15.9545454545455 6.00596053861256 0.641707776881657 0.862484248326499
24 17.1739130434783 5.40531139753742 0.128697890417595 0
64.6666666666667 18 5.33333333333332 0.612372435696118 1.5707963267949
84.62 20.88 11.8793554348162 0.881835473577907 0.963363716818303
9.93939393939394 20.6666666666667 8.84850408892602 0.839316982820176 1.37856451777952
74.4117647058823 19.9411764705882 5.6953065164737 0.759283494665893 -1.13617892406168
34.3181818181818 20.3636363636364 6.71148425107294 0.783365202627911 -0.175815966878752
42 22.5 5.65685424949238 0.612372435695794 0
52.2 24.2 6.26099033699932 0.750510030660823 -0.785398163397531
5.80851063829787 27.8297872340426 10.4266620911019 0.827707532059954 1.51368500113657
19.7272727272727 25.6818181818182 7.21110255092792 0.818181818181805 0.982793723247313
60.92 26.44 6.22913229036445 0.592118460771236 -1.42182356268877
90.2571428571429 29.3428571428571 10.1314556513577 0.896603843921367 -1.30283966961277
29.3913043478261 28.4347826086957 6.66728160880385 0.757544515981113 -0.107534069195568
69.8333333333333 28.6666666666667 5.66132748287691 0.698929560157775 0.301874666698402
38 30.1739130434783 5.40531139753742 0.128697890417595 0
78 30 3.26598632371165 7.15255737304688e-07 0
46.5 32 6.20173672946047 0.544058820349454 0
15 32.5 4.47213595499958 0.683130051063979 1.5707963267949
55.5 34.5 4.47213595499958 0 0
2.41176470588235 36.0588235294118 5.69530651647305 0.759283494666137 1.13617892406184
24.1304347826087 35.8260869565217 5.87902873572611 0.520404143925177 0.661341438848802
65.4074074074074 36.1851851851852 6.39364541933889 0.529941938922576 0.155434137703134
33.5 37.5 6.83130051063982 0.755928946018462 1.5707963267949
74.8260869565217 38 5.40531139753742 0.128697890416145 1.5707963267949
11 40 5.65685424949238 0.816496580927725 1.5707963267949
42 40 5.89767824619587 0.565685424949223 0.785398163397448
85.0476190476191 39.9523809523809 6.1041601367475 0.699144002980558 -0.785398163397748
94.8148148148148 40.2592592592593 6.72817083179807 0.64236583757146 -1.15232973156545
51.3214285714286 42.1071428571429 6.633249580711 0.572239684074461 0.345555580581999
101 42 3.26598632371109 1.01141460088809e-06 1.5707963267949
20.8333333333333 43.3333333333333 5.66132748287542 0.698929560157692 -0.301874666698665
60.56 44.08 6.22913229036422 0.592118460771174 -0.148972764105895
29.1071428571429 45.3214285714286 6.63324958071142 0.572239684074647 1.22524074621322
70.5 46 5.65685424949238 0.612372435695794 1.5707963267949
80.45 47.15 7.53657747256652 0.876131059718097 0.613207348874472
101.204545454545 48.9545454545455 9.1918901295264 0.717548947622779 -0.950328623532814
38.5 47.5 4.47213595499958 0 0
89.6086956521739 48.5652173913044 6.66728160880455 0.757544515981309 -0.107534069195561
15.6666666666667 50 5.33333333333341 0.612372435695808 1.57079632679473
56 51.7142857142857 5.40093214428876 0.334574802559061 1.5707963267949
5.59523809523809 59.5 19.4271132595362 0.953014554705006 1.218368847859
24.5 52.5 4.47213595499958 0 0
65.8 53.56 6.45921595312076 0.657938921364883 1.13494514616216
33.5 55 5.65685424949238 0.612372435695794 1.5707963267949
75.4074074074074 54.9259259259259 6.42150068125601 0.572412597655736 0.218019173660108
42 57 5.65685424949238 0.816496580927703 1.5707963267949
13 57.5 4.47213595499958 0.683130051063979 1.5707963267949
85.5 57.3636363636364 6.46669790682822 0.750757193529639 0
95.0909090909091 58.0909090909091 5.50281670924386 0.42825939982305 0.785398163397448
104.909090909091 58.9090909090909 5.50281670924519 0.428259399824069 0.785398163397448
51.4 59.6 4.61880215351648 0.489897948556469 0.785398163397448
61.4 61.4 4.61880215351648 0.489897948556469 -0.785398163397448
29.95 62.95 5.72013985842982 0.623500646539187 0.785398163397162
71.1304347826087 62.8260869565217 5.87902873572509 0.520404143925057 0.661341438849602
80.8260869565217 64.1304347826087 5.87902873572556 0.520404143924916 0.909454887944541
38 64 3.26598632371165 5.84003863998217e-07 1.5707963267949
48 66.1739130434783 5.40531139753709 0.128697890419538 -1.50350842882226e-11
90.4074074074074 65.8148148148148 6.39364541933854 0.529941938922319 -0.155434137701976
101 67 5.65685424949238 0 0
18 67 3.26598632371165 6.53021181707395e-07 1.5707963267949
26.4 68.6 4.61880215351825 0.489897948556977 0.785398163398514
56.6 68.4 4.61880215351569 0.489897948555856 0.785398163397448
67 70.5 6.70776738050265 0.622166912169505 1.21292453196024
35 71 5.65685424949238 0.816496580927703 1.5707963267949
76.1739130434783 72 5.40531139753776 0.12869789042049 1.5707963267949
19.8979591836735 83.0272108843537 35.3217538845587 0.982628099063708 0.860602605806025
85.8333333333333 72.6666666666667 5.66132748287529 0.698929560157724 0.301874666698085
43.5 73.5 4.47213595499958 0 0
96.4210526315789 74.1052631578947 5.5446982337773 0.632280896446556 1.34703633921606
52.6666666666667 75 5.33333333333273 0.612372435695586 1.5707963267949
104.421052631579 74.8947368421053 5.54469823377811 0.632280896445803 -1.34703633921687
63.2222222222222 77.4444444444444 6.58110492848085 0.606009480282809 1.4452949834739
32 78 3.26598632371165 5.84003863998217e-07 1.5707963267949
72.5 79 5.54259346189222 0.693483744184687 -1.16746055208429
81.6 80.4 4.61880215351648 0.489897948556469 0.785398163394606
49.6666666666667 82 5.33333333333273 0.612372435695586 1.5707963267949
92.0909090909091 82.0909090909091 5.50281670924386 0.42825939982305 0.785398163397448
101.909090909091 81.9545454545455 6.00596053861061 0.641707776880747 -0.862484248326444
59 84.5 4.47213595499958 0.683130051064062 1.5707963267949
68.4117647058823 86.0588235294118 5.6953065164735 0.759283494666253 1.13617892406159
37 87 3.26598632371165 5.84003863998217e-07 1.5707963267949
46.5 89 5.65685424949238 0.612372435695794 1.5707963267949
78.5 88 4.47213595499958 0.683130051063796 0
87.5 88.5 4.47213595499958 0 0
97.8 89.32 6.91428661357266 0.749462639166938 -1.08177914048768
56 90.6538461538462 6.49246487854755 0.629109359511322 -1.25514649119768
65.5 92.5 4.78091443733779 0.670820393249771 -0.785398163397448
43.25 100.291666666667 28.9239473727319 0.974752347465466 0.463046542746668
74.6 93.6 4.61880215351806 0.489897948556302 -0.785398163397448
82.3 99.9625 15.9821661341996 0.87356360302023 -0.877277961143577
43 95 3.26598632371109 1.01141460088809e-06 0
93 95 3.26598632370942 0 0
52.6666666666667 97 5.33333333333273 0.612372435695586 1.57079632679353
62 99 5.65685424949238 0.816496580927772 1.5707963267949
71.4210526315789 100.105263157895 5.54469823377737 0.632280896446211 1.3470363392158
59.2333333333333 105.066666666667 7.44519414580983 0.725018813352674 0.101988386957095
68.6 105.4 4.61880215351806 0.489897948557694 0.785398163394606
